1
root
512
0
0
-1
-1
-1
5
-1
-1
-1
-1
-1
-1
-1
3
linked.xsm
432
0
-1
-1
-1
-1
69
-1
-1
-1
-1
-1
-1
-1
3
odd.xsm
144
0
-1
-1
-1
-1
70
-1
-1
-1
-1
-1
-1
-1
3
even.xsm
144
0
-1
-1
-1
-1
71
-1
-1
-1
-1
-1
-1
-1
3
pid.xsm
130
0
-1
-1
-1
-1
72
-1
-1
-1
-1
-1
-1
-1
3
fork3.xsm
198
0
-1
-1
-1
-1
73
-1
-1
-1
-1
-1
-1
-1
3
readw.xsm
990
0
-1
-1
-1
-1
74
75
-1
-1
-1
-1
-1
-1
3
parent.xsm
280
0
-1
-1
-1
-1
76
-1
-1
-1
-1
-1
-1
-1
3
child.xsm
328
0
-1
-1
-1
-1
77
-1
-1
-1
-1
-1
-1
-1
3
crfile.xsm
274
0
-1
-1
-1
-1
78
-1
-1
-1
-1
-1
-1
-1
3
delfile.xsm
336
0
-1
-1
-1
-1
79
-1
-1
-1
-1
-1
-1
-1
3
reprint.xsm
450
0
-1
-1
-1
-1
80
-1
-1
-1
-1
-1
-1
-1
3
test5.xsm
514
0
-1
-1
-1
-1
81
82
-1
-1
-1
-1
-1
-1
2
numbers.dat
2047
1
1
-1
-1
-1
83
84
85
86
-1
-1
-1
-1
3
s25as1.xsm
922
0
-1
-1
-1
-1
87
88
-1
-1
-1
-1
-1
-1
3
s25as2.xsm
764
0
-1
-1
-1
-1
89
90
-1
-1
-1
-1
-1
-1
3
lsm.xsm
276
0
-1
-1
-1
-1
91
-1
-1
-1
-1
-1
-1
-1
3
rmm.xsm
340
0
-1
-1
-1
-1
92
-1
-1
-1
-1
-1
-1
-1
2
as1.dat
1614
1
1
-1
-1
-1
93
94
95
96
-1
-1
-1
-1
3
test6.xsm
1086
0
-1
-1
-1
-1
97
98
99
-1
-1
-1
-1
-1
3
catm.xsm
576
0
-1
-1
-1
-1
100
101
-1
-1
-1
-1
-1
-1
3
mergef.xsm
2046
0
-1
-1
-1
-1
102
103
104
105
-1
-1
-1
-1
2
merge.dat
2048
1
1
-1
-1
-1
114
115
116
117
-1
-1
-1
-1
3
cpm.xsm
974
0
-1
-1
-1
-1
118
119
-1
-1
-1
-1
-1
-1
3
lu.xsm
208
0
-1
-1
-1
-1
120
-1
-1
-1
-1
-1
-1
-1
3
ru.xsm
546
0
-1
-1
-1
-1
121
122
-1
-1
-1
-1
-1
-1
3
login.xsm
394
0
-1
-1
-1
-1
123
-1
-1
-1
-1
-1
-1
-1
3
fork4.xsm
216
0
-1
-1
-1
-1
132
-1
-1
-1
-1
-1
-1
-1
3
test8.xsm
370
0
-1
-1
-1
-1
133
-1
-1
-1
-1
-1
-1
-1
3
pgm1.xsm
1060
0
-1
-1
-1
-1
134
135
138
-1
-1
-1
-1
-1
3
test9.xsm
538
0
-1
-1
-1
-1
136
137
-1
-1
-1
-1
-1
-1
2
3.dat
0
2
1
-1
-1
-1
-1
-1
-1
-1
-1
-1
-1
-1
-1
-1
-1
-1
-1
-1
-1
-1
-1
-1
-1
-1
-1
-1
-1
-1
-1
-1
0
-1
-1
-1
-1
-1
-1
-1
-1
-1
-1
-1
-1
-1
-1
-1
0
-1
-1
-1
-1
-1
-1
-1
-1
-1
-1
-1
-1
-1
-1
-1
0
-1
-1
-1
-1
-1
-1
-1
-1
-1
-1
-1
-1
-1
-1
-1
0
-1
-1
-1
-1
-1
-1
-1
-1
-1
-1
-1
-1
-1
-1
-1
0
-1
-1
-1
-1
-1
-1
-1
-1
-1
-1
-1
-1
-1
-1
-1
0
-1
-1
-1
-1
-1
-1
-1
-1
-1
-1
-1
-1
-1
-1
-1
0
-1
-1
-1
-1
-1
-1
-1
-1
-1
-1
-1
-1
-1
-1
-1
0
-1
-1
-1
-1
-1
-1
-1
-1
-1
-1
-1
-1
-1
-1
-1
0
-1
-1
-1
-1
-1
-1
-1
-1
-1
-1
-1
-1
-1
-1
-1
0
-1
-1
-1
-1
-1
-1
-1
-1
-1
-1
-1
-1
-1
-1
-1
0
-1
-1
-1
-1
-1
-1
-1
-1
-1
-1
-1
-1
-1
-1
-1
0
-1
-1
-1
-1
-1
-1
-1
-1
-1
-1
-1
-1
-1
-1
-1
0
-1
-1
-1
-1
-1
-1
-1
-1
-1
-1
-1
-1
-1
-1
-1
0
-1
-1
-1
-1
-1
-1
-1
-1
-1
-1
-1
-1
-1
-1
-1
0
-1
-1
-1
-1
-1
-1
-1
-1
-1
-1
-1
-1
-1
-1
-1
0
-1
-1
-1
-1
-1
-1
-1
-1
-1
-1
-1
-1
-1
-1
-1
0
-1
-1
-1
-1
-1
-1
-1
-1
-1
-1
-1
-1
-1
-1
-1
0
-1
-1
-1
-1
-1
-1
-1
-1
-1
-1
-1
-1
-1
-1
-1
0
-1
-1
-1
-1
-1
-1
-1
-1
-1
-1
-1
-1
-1
-1
-1
0
-1
-1
-1
-1
-1
-1
-1
-1
-1
-1
-1
-1
-1
-1
-1
0
-1
-1
-1
-1
-1
-1
-1
-1
-1
-1
-1
-1
-1
-1
-1
0
-1
-1
-1
-1
-1
-1
-1
-1
-1
-1
-1
-1
-1
-1
-1
0
-1
-1
-1
-1
-1
-1
-1
-1
-1
-1
-1
-1
-1
-1
-1
0
-1
-1
-1
-1
-1
-1
-1
-1
-1
-1
-1
-1
-1
-1
-1
0
-1
-1
-1
-1
-1
-1
-1
-1
-1
-1
-1
-1
-1
-1
-1
0
-1
-1
-1
-1
-1
-1
-1
-1
-1
-1
-1
-1
-1
-1
-1
0
-1
-1
-1
-1
-1
-1
-1
-1
-1
-1
-1
-1
-1
kernel
-1
root
452
ani
410
kammu
428
-1
-1
-1
-1
-1
-1
-1
-1
-1
-1
-1
-1
-1
-1
-1
-1
-1
-1
-1
-1
-1
-1
-1
-1
-1
-1
-1
-1
-1
-1
-1
-1
-1
-1
-1
-1
-1
-1
-1
-1
-1
-1
-1
-1
-1
-1
-1
-1
-1
-1
-1
-1
-1
-1
-1
-1
