root
512
1
-1
-1
-1
-1
-1
linked.xsm
432
3
-1
-1
-1
-1
-1
odd.xsm
144
3
-1
-1
-1
-1
-1
even.xsm
144
3
-1
-1
-1
-1
-1
pid.xsm
130
3
-1
-1
-1
-1
-1
fork3.xsm
198
3
-1
-1
-1
-1
-1
readw.xsm
990
3
-1
-1
-1
-1
-1
parent.xsm
280
3
-1
-1
-1
-1
-1
child.xsm
328
3
-1
-1
-1
-1
-1
crfile.xsm
274
3
-1
-1
-1
-1
-1
delfile.xsm
336
3
-1
-1
-1
-1
-1
reprint.xsm
450
3
-1
-1
-1
-1
-1
test5.xsm
514
3
-1
-1
-1
-1
-1
numbers.dat
2047
2
-1
-1
-1
-1
-1
s25as1.xsm
922
3
-1
-1
-1
-1
-1
s25as2.xsm
764
3
-1
-1
-1
-1
-1
lsm.xsm
276
3
-1
-1
-1
-1
-1
rmm.xsm
340
3
-1
-1
-1
-1
-1
as1.dat
0
2
root
1
-1
-1
-1
test6.xsm
1086
3
-1
-1
-1
-1
-1
catm.xsm
576
3
-1
-1
-1
-1
-1
mergef.xsm
2046
3
-1
-1
-1
-1
-1
merge.dat
0
2
root
1
-1
-1
-1
cpm.xsm
974
3
-1
-1
-1
-1
-1
lu.xsm
208
3
-1
-1
-1
-1
-1
ru.xsm
546
3
-1
-1
-1
-1
-1
login.xsm
394
3
-1
-1
-1
-1
-1
fork4.xsm
216
3
-1
-1
-1
-1
-1
test8.xsm
370
3
-1
-1
-1
-1
-1
pgm1.xsm
948
3
-1
-1
-1
-1
-1
test9.xsm
574
3
-1
-1
-1
-1
-1
3.dat
0
2
ani
1
-1
-1
-1
-1
-1
-1
-1
-1
-1
-1
-1
-1
0
-1
-1
-1
-1
-1
-1
-1
0
-1
-1
-1
-1
-1
-1
-1
0
-1
-1
-1
-1
-1
-1
-1
0
-1
-1
-1
-1
-1
-1
-1
0
-1
-1
-1
-1
-1
-1
-1
0
-1
-1
-1
-1
-1
-1
-1
0
-1
-1
-1
-1
-1
-1
-1
0
-1
-1
-1
-1
-1
-1
-1
0
-1
-1
-1
-1
-1
-1
-1
0
-1
-1
-1
-1
-1
-1
-1
0
-1
-1
-1
-1
-1
-1
-1
0
-1
-1
-1
-1
-1
-1
-1
0
-1
-1
-1
-1
-1
-1
-1
0
-1
-1
-1
-1
-1
-1
-1
0
-1
-1
-1
-1
-1
-1
-1
0
-1
-1
-1
-1
-1
-1
-1
0
-1
-1
-1
-1
-1
-1
-1
0
-1
-1
-1
-1
-1
-1
-1
0
-1
-1
-1
-1
-1
-1
-1
0
-1
-1
-1
-1
-1
-1
-1
0
-1
-1
-1
-1
-1
-1
-1
0
-1
-1
-1
-1
-1
-1
-1
0
-1
-1
-1
-1
-1
-1
-1
0
-1
-1
-1
-1
-1
-1
-1
0
-1
-1
-1
-1
-1
-1
-1
0
-1
-1
-1
-1
-1
-1
-1
0
-1
-1
-1
-1
-1
-1
-1
0
-1
-1
-1
-1
-1
-1
-1
0
-1
-1
-1
-1
-1
-1
-1
0
-1
-1
-1
-1
-1
-1
-1
0
-1
-1
-1
-1
-1
-1
